# baseline features

precision = 0.8015075376884422
recall = 0.5223799126637555
F1 = 0.6325181758096496

#